4
linear   essential      -0.250000   0.750000
linear   non-essential   0.000000   1.000000
linear   non-essential   0.000000   1.000000
linear   non-essential   0.000000   1.000000

1 2
significant   elliptical    44
	  0.330699  0.123387  0.155287  0.043942
	  0.030347  0.003738  0.005897  0.000698
significant   elliptical     4
	 -1.046888  0.194311  0.249259  0.053866
	  0.073342  0.002746  0.001335  0.000873

6 1
significant   elliptical     8
	  0.296439  0.344826  0.190698  0.139710
	  0.078559  0.048940  0.014470  0.008895

3 1
significant   elliptical    13
	  0.080638  0.248663  0.171151  0.116263
	  0.147946  0.011166  0.004873  0.002093

2 1
significant   elliptical    16
	  0.301683  0.181394  0.142666  0.081509
	  0.065508  0.007354  0.010246  0.001402

0 2
significant   elliptical    15
	  0.277505  0.358164  0.171824  0.145824
	  0.009436  0.186546  0.005707  0.006594
significant   elliptical     1
	  0.934159  0.255269  0.151074  0.113548
	  0.000100  0.000100  0.000100  0.000100

9 1
significant   elliptical     7
	  0.292926  0.251807  0.156092  0.103338
	  0.029089  0.010584  0.006654  0.002794

7 1
significant   elliptical     5
	  0.123761  0.211303  0.150771  0.125941
	  0.190768  0.014733  0.001829  0.007150

W 1
significant   elliptical    10
	  0.318720  0.360459  0.157019  0.178357
	  0.004112  0.010512  0.001295  0.002736

M 1
significant   elliptical     6
	 -0.093630  0.340325  0.151104  0.158218
	  0.353402  0.004052  0.001208  0.001535

O 2
significant   elliptical    20
	  0.258458  0.253940  0.156747  0.130373
	  0.002536  0.001950  0.000824  0.000466
significant   elliptical     2
	 -0.342766  0.414100  0.222969  0.243692
	  0.005480  0.121224  0.036947  0.049310

R 1
significant   elliptical    21
	  0.295022  0.257740  0.158419  0.109953
	  0.010938  0.005431  0.002371  0.000893

5 1
significant   elliptical    12
	  0.310402  0.423456  0.233784  0.194957
	  0.150237  0.051110  0.015776  0.011068

° 1
significant   elliptical     3
	  0.511911  0.081469  0.062914  0.078067
	  0.000695  0.000479  0.000100  0.000100

K 1
significant   elliptical    10
	  0.023053  0.285064  0.187104  0.130852
	  0.280017  0.002855  0.000606  0.000924

I 2
significant   elliptical    27
	  0.241953  0.105989  0.148246  0.034599
	  0.010485  0.002012  0.003895  0.000327
significant   elliptical     1
	 -0.192635  0.164267  0.234076  0.022962
	  0.000100  0.000100  0.000100  0.000100

N 2
significant   elliptical    21
	  0.260896  0.287881  0.165235  0.141451
	  0.007885  0.010458  0.004013  0.002233
significant   elliptical     2
	 -0.895123  0.414401  0.224073  0.220195
	  0.027867  0.011244  0.003975  0.003685

G 1
significant   elliptical    10
	  0.106142  0.381461  0.208763  0.141107
	  0.116292  0.012137  0.003279  0.001539

. 1
significant   elliptical     6
	  0.178434  0.040528  0.038818  0.043560
	  0.009906  0.000715  0.000376  0.001074

F 1
significant   elliptical    11
	  0.365590  0.202953  0.146791  0.100154
	  0.013549  0.007001  0.002295  0.002029

' 1
significant   elliptical    16
	  0.062109  0.102075  0.097940  0.063723
	  0.406548  0.020310  0.010217  0.004769

H 1
significant   elliptical     7
	  0.208851  0.277437  0.151997  0.123144
	  0.013001  0.037940  0.003705  0.002953

24 1
significant   elliptical     1
	  0.255342  0.346399  0.157129  0.164290
	  0.000100  0.000100  0.000100  0.000100

E 1
significant   elliptical    23
	  0.131298  0.341870  0.214936  0.154596
	  0.201389  0.033371  0.011091  0.007011

V 1
significant   elliptical     4
	  0.336115  0.237540  0.177028  0.127335
	  0.006753  0.002173  0.001180  0.000494

L 1
significant   elliptical    16
	  0.195680  0.160116  0.152528  0.111742
	  0.002871  0.001547  0.001662  0.000955

D 1
significant   elliptical    21
	  0.265794  0.341053  0.192401  0.163645
	  0.029425  0.038526  0.010445  0.009349

@ 1
significant   elliptical     4
	  0.306634  0.402318  0.171143  0.156401
	  0.005089  0.003589  0.000880  0.000380

/ 1
significant   elliptical     7
	  0.099043  0.173148  0.236198  0.073559
	  0.124643  0.004181  0.007899  0.001831

P 1
significant   elliptical     6
	  0.408124  0.211010  0.127817  0.103315
	  0.037421  0.002779  0.001000  0.001062

T 1
significant   elliptical    17
	  0.349372  0.165258  0.156654  0.091205
	  0.040275  0.008767  0.005654  0.003858

EN 1
significant   elliptical     1
	  0.149492  0.623806  0.183201  0.215852
	  0.000100  0.000100  0.000100  0.000100

BA 1
significant   elliptical     2
	  0.273091  0.475542  0.137932  0.235882
	  0.001689  0.000100  0.000256  0.000100

S 2
significant   elliptical    21
	  0.270971  0.263416  0.163022  0.151805
	  0.014624  0.019375  0.007105  0.004406
significant   elliptical     1
	 -0.819525  0.256860  0.216662  0.151232
	  0.000100  0.000100  0.000100  0.000100

C 1
significant   elliptical     7
	  0.233992  0.205888  0.167744  0.095939
	  0.009516  0.002358  0.002870  0.000603

LE 1
significant   elliptical     2
	  0.246478  0.460528  0.164922  0.252598
	  0.000100  0.017814  0.000100  0.003393

LKG 1
significant   elliptical     1
	  0.179342  1.102575  0.249472  0.333642
	  0.000100  0.000100  0.000100  0.000100

TEERI 1
significant   elliptical     1
	  0.187438  1.210998  0.204296  0.323811
	  0.000100  0.000100  0.000100  0.000100

EAR 1
significant   elliptical     1
	  0.260840  0.773300  0.157455  0.309323
	  0.000100  0.000100  0.000100  0.000100

A 1
significant   elliptical    20
	  0.236632  0.275767  0.187650  0.131055
	  0.040156  0.030494  0.015104  0.005839

PLC 1
significant   elliptical     1
	  0.232457  0.491566  0.137310  0.307620
	  0.000100  0.000100  0.000100  0.000100

B 1
significant   elliptical     4
	  0.294402  0.363301  0.188835  0.149796
	  0.004988  0.016501  0.001829  0.001382

EA 1
significant   elliptical     2
	  0.278195  0.549228  0.183095  0.288037
	  0.003066  0.011042  0.003092  0.000941

US 1
significant   elliptical     1
	  0.227149  0.467857  0.146456  0.231818
	  0.000100  0.000100  0.000100  0.000100

NG 1
significant   elliptical     1
	  0.188585  0.518964  0.150434  0.265730
	  0.000100  0.000100  0.000100  0.000100

SH 1
significant   elliptical     1
	  0.330499  0.507400  0.166399  0.260238
	  0.000100  0.000100  0.000100  0.000100

U 1
significant   elliptical     9
	  0.289273  0.219591  0.165654  0.125651
	  0.005312  0.007736  0.006184  0.003387

c# 1
significant   elliptical     1
	  0.258572  0.323408  0.154770  0.157349
	  0.000100  0.000100  0.000100  0.000100

~ 1
significant   elliptical     1
	  0.543387  0.327745  0.110607  0.243176
	  0.000100  0.000100  0.000100  0.000100

4 1
significant   elliptical    14
	  0.160207  0.282149  0.186722  0.124224
	  0.085742  0.038161  0.011830  0.006832

42 1
significant   elliptical     1
	 -0.020335  1.293948  0.467639  0.371413
	  0.000100  0.000100  0.000100  0.000100

EE 1
significant   elliptical     1
	  0.243651  0.377093  0.172060  0.198428
	  0.000100  0.000100  0.000100  0.000100

PLA 1
significant   elliptical     1
	  0.223094  0.491607  0.135028  0.313357
	  0.000100  0.000100  0.000100  0.000100

" 1
significant   elliptical    10
	  0.327215  0.075407  0.059928  0.054574
	  0.044793  0.001479  0.001449  0.000892

“ 1
significant   elliptical     2
	  0.506852  0.094123  0.058058  0.068885
	  0.000100  0.000680  0.001131  0.000391

ET 1
significant   elliptical     1
	  0.828555  1.223416  0.508884  0.596149
	  0.000100  0.000100  0.000100  0.000100

- 1
significant   elliptical    16
	  0.130685  0.079275  0.054998  0.099948
	  0.119049  0.000764  0.000651  0.001436

SE 1
significant   elliptical     1
	 -0.265643  1.363440  0.468308  0.584140
	  0.000100  0.000100  0.000100  0.000100

LC 1
significant   elliptical     1
	 -1.972567  0.803149  0.372304  0.501832
	  0.000100  0.000100  0.000100  0.000100

20 1
significant   elliptical     1
	  0.243836  0.441414  0.162741  0.203096
	  0.000100  0.000100  0.000100  0.000100

NC 1
significant   elliptical     1
	  0.237929  0.405872  0.151540  0.176238
	  0.000100  0.000100  0.000100  0.000100

x 1
significant   elliptical     1
	  0.157845  0.114955  0.076126  0.085303
	  0.000100  0.000100  0.000100  0.000100

DEEP 1
significant   elliptical     1
	  0.231195  0.934387  0.146115  0.331876
	  0.000100  0.000100  0.000100  0.000100

44 1
significant   elliptical     1
	  0.234785  0.871255  0.256633  0.246415
	  0.000100  0.000100  0.000100  0.000100

TE 1
significant   elliptical     1
	  0.257357  0.399365  0.159827  0.206308
	  0.000100  0.000100  0.000100  0.000100

’ 1
significant   elliptical     1
	  0.428152  0.038242  0.057077  0.016981
	  0.000100  0.000100  0.000100  0.000100

TOR 1
significant   elliptical     1
	  0.076336  0.162310  0.045078  0.094387
	  0.000100  0.000100  0.000100  0.000100

` 1
significant   elliptical     1
	  1.120506  0.084974  0.117605  0.071314
	  0.000100  0.000100  0.000100  0.000100

11 1
significant   elliptical     1
	  0.966033  0.214430  0.156933  0.088477
	  0.000100  0.000100  0.000100  0.000100

35 1
significant   elliptical     3
	  0.343288  0.393605  0.135708  0.167209
	  0.000294  0.104210  0.010698  0.019570

8 1
significant   elliptical     5
	  0.302987  0.387586  0.205196  0.157917
	  0.157515  0.024617  0.005625  0.004188

33 1
significant   elliptical     1
	  0.217272  0.259850  0.113218  0.113373
	  0.000100  0.000100  0.000100  0.000100

_ 1
significant   elliptical     1
	  0.129165  2.251199  0.039772  0.306312
	  0.000100  0.000100  0.000100  0.000100

VIE 1
significant   elliptical     1
	  0.387269  1.074597  0.269737  0.317734
	  0.000100  0.000100  0.000100  0.000100

FT 1
significant   elliptical     2
	  0.345543  0.383394  0.174722  0.219307
	  0.014097  0.012013  0.004512  0.006484

PO 1
significant   elliptical     1
	  0.215211  0.480400  0.175560  0.178993
	  0.000100  0.000100  0.000100  0.000100

DD 1
significant   elliptical     1
	  0.150722  0.569395  0.148519  0.201165
	  0.000100  0.000100  0.000100  0.000100

ST 1
significant   elliptical     1
	  0.139866  0.633724  0.201885  0.243315
	  0.000100  0.000100  0.000100  0.000100

OC 1
significant   elliptical     1
	  0.207284  0.406682  0.149190  0.215895
	  0.000100  0.000100  0.000100  0.000100

Y 1
significant   elliptical     1
	  0.259507  0.294846  0.298759  0.142247
	  0.000100  0.000100  0.000100  0.000100

: 1
significant   elliptical     1
	  0.432672  0.178581  0.155898  0.113087
	  0.000100  0.000100  0.000100  0.000100

= 1
significant   elliptical     2
	  0.222248  0.145070  0.088709  0.101305
	  0.020302  0.001200  0.000374  0.001853

& 1
significant   elliptical     1
	  0.228358  0.257977  0.149944  0.110352
	  0.000100  0.000100  0.000100  0.000100
